55555555555555555555555555555555555555555555555555555555555555555555555555555555
50000000000000005000000000000000000000000000000000000000000000000000000000000005
50000000000000005000000000000000000000000000000000000000000000000000000000000005
50000000000000005000000000000000000000000000000000000000000000000000000000000005
5000000000000005000000000000000000000000000000000000000000000000000000000000005
50000000000000005000000000000000000000000000000000000000000000000000000000000005
50000000000000005000000000000000000000000000000000000000000000000000000000000005
50000000000000000000000000000000000000000000000000000000000000000000000000000005
50000000000000000000000000000000000000000000000000000000000000000000000555555555
50000000000000000000000000000000000000000000000000000000000000000000005000000005
50000000000000000000000000000000000000000000000000000000000000000000005000000005
50000000000000000000000000000000005555555555000000000000000000000000005000000005
50000000000000000000000000000000000000000000000000000000000000000000005000000005
55555550000000000000000000000000000000000000000000000000000000000000005000000005
50000000000000000000000000000000000000000000000000000000000000000000005000000005
50000000000000000000000000000000000000000000000000000000000000000000005000000005
50000000000000000000000000000000000000000000000000000000000000000000005000000005
50000000000000000000000000000000000000000000000000000000000000000000000000000005
50000000000000000000000000000000000000000000000000000000000000000000000000000005
50055555500000000000000000000000000000000000000000000000000000000000000000000005
50000000000000000000000000000000000000000000000000000000000000000000000000000005
50000000000000000000000000000000000000000000000000000000000000000000000000000005
50000000000000000000000000000000000000000000000000000000000000000000000000000005
50000000000000000000000000000000000000000000000000000000000000000000000000000005
50000000000000000000000000000000000000000000000000000000000000000000000000000005
50000000000000000000000000000000000005000000000000000000000000000000000000000005
50000000000000000000000000000000000005000000000000000000000000000000000000000005
50000000000000000000000000000000000005000000000000000000000000000000000000000005
50000000000000000000000000000000000005000000000000000000000000000000000000000005
50000000000000000000000000000000000005000000000000000000000000000000000000000005
50000000000000000000000000000000000005000000000000000000000000000000000000000005
50000000000000000000000000000000000005000000000000000000000000000000000000000005
50000000000000000000000000000000000005000000000000000000000000000000000000000005
50000000000000000000000000000000000000000000000000000000000000000000000000000005
50000000000000000000000000000000000000000000000000000000000000000000000000000005
50000000000000000000000000000000000000000000000000000000000000000000000000000005
50000000000000000000000000000000000000000000000000000000000000000000000000000005
50000000000000000000000000000000000000000000000000000000000000000000000000000005
50000000000000000000000000000000000000000000000000000000000000000000000000000005
50000000000000000000000000000000000000000000000000000000000000000000000000000005
50000000000000055555555555555555500000000000000000000000000000000000000000000005
50000000000000000000000000000000000000000000000000000000000000000000000000000005
50000000000000000000000000000000000000000000000000000000000000000000000000000005
50000000000000000000000000000000000000000000000000000000000000000000000000000005
50000000000000000000000000000000000000000000000000000000000000000000000000000005
50000000000000000000000000000000000000000000000000000000000000000000000000000005
50000000000000000000000000000000000000000000000000000000000000000000000000000005
50000000000000000000000000000000000000000000000000000000000000000000000000000005
50000000000000000000000000000000000000000000000000000000000000000000000000000005
50000000000000000000000000000000000000000000000000000000000000000000000000000005
50000000000000000000000000000000000000000000000000000000000000000000000000000005
50000000000000000000000000000000000000000000000000000000000000000000000000000005
50000000000000000000000000000000000000000000000000000000000000000000000000000005
50000000000000000000000000000000000000000000000000000000000000000000000000000005
50000000000000000000000000000000000000000000000000000000000000000000000000000005
50000000000000000000000000000000000000000000000000000000000000000000000000000005
50000000000000000000000000000000000000000000000000000000000000555555000000000005
50000000000000000000000000000000000000000000000000000000000000000000000000000005
50000000000000000000000000000000000000000000000000000000000000000000000000000005
55555555555555555555555555555555555555555555555555555555555555555555555555555555
