55555555555555555555555555555555555555555555555555555555555555555555555555555555
50000000000000000000000000000000000000000000000000000000000000000000000000000005
50000000000000000000000000000000000000000000000000000000000000000000000000000005
50000000000000000000000000000000000000000000000000000000000000000000000000000005
50000000000000000000000000000000000000000000000000000000000000000000000000000005
50000000000000000000000000000000000000000000000000000000000000000000000000000005
50000000000000000000000000000000000000000000000000000000000000000000000000000005
50000000000000000000000000000000000000000000000000000000000000000000000000000005
50000000000000000000000000000000000000000000000000000000000000000000000000000005
50000000000000000000000000000000000000000000000000000000000000000000000000000005
50000000000000000000000000000000000000000000000000000000000000000000000000000005
50000000000000000000000000000000000000000000000000000000000000000000000055555555
50000000000000000000000000000000000000000000000000000000000000000000000050000005
50000000000000000000000000000000000000000000000000000000000000000000000050000005
50000000000000000000000000000000000000000000000000000000000000000000000050000005
50000000000000000000000000000000000000000000000000000000000000000000000050000005
55555555550000000000000000000000000000000000000000000000000000000000000050000005
50000000000000000000000000000000000000000000000000000000000000000000000055555555
50000000000000000000000000000000000000000000000000000000000000000000000000000005
50000000000000000000000000000000000000000000000000000000000000000000000000000005
50000000000000000000000000000000000000000000000000000000000000000000000000000005
50000000000000000000000000000000000000000000000000000000000000000000000000000005
50000000000000000000000000000000000000000000000000000000000000000000000000000005
50000000000000000000000000000000000000000000000000000000000000000000000000000005
50000000000000000000000000000000000000000000000000000000000000000000000000000005
50000000000000000000000000000000000000000000000000000000000000000000000000000005
50000000000000000000000000000000000000000000000000000000000000000000000000000005
50000000000000000000000000000000000000000000000000000000000000000000000000000005
50000000000000000000000000000000000000000000000000000000000000000000000000000005
50000000000000000000000000000000000000000000000000000000000000000000000000000005
50000000000000000000000000000000000000000000000000000000000000000000000000000005
50000000000000000000000000000000000000000000000000000000000000000000000000000005
50000000000000000000000000000000000000000000000000000000000000000000000000000005
55555555555500000000000000000000000000000000000000000000000000000000000000000005
50000000000000000000000000000000000000000000000000000000000000000000000000000005
50000000000000000000000000000000000000000000000000000000000000000000000000000005
50000000000000000000000000000000000000000000000000000000000000000000000000000005
50000000000000000000000000000000000000000000000000000000000000000000000000000005
50000000000000000000000000000000000000000000000000000000000000000000000000000005
50000000000000000000000000000000000000000000000000000000000000000000000000000005
50000000000000000000000000000000000000000000000000000000000000000000000000000005
50000000000500000000000000000000000000000000000000000000000000000000000000000005
50000000000500000000000000000000000000000000000000000000000000000000000000000005
50000000000500000000000000000000000000000000000000000000000000000000000000000005
50000000000500000000000000000000000000000000000000000000000000000000000000000005
50000000000500000000000000000000000000000000000000000000000000000000000000000005
50000000000500000000000000000000000000000000000000000000000000000000000000000005
50000000000500000000000000000000000000000000000000000000000000000000000000000005
50000000000500000000000000000000000000000000000000000000000000000000000000000005
50000000000500000000000000000000000000000000000000000000000000000000000000000005
50000000000500000000000000000000000000000000000000000000000000000000000000000005
50000000000500000000000000000000000000000000000000000000000000000000000000000005
50000000000500000000000000000000000000000000000000000000000000000000000000000005
50000000000500000000000000000000000000000000000000000000000000000000000000000005
50000000000500000000000000000000000000000000000000000000000000000000000000000005
50000000000500000000000000000000000000000000000000000000000000000000000000000005
50000000000500000000000000000000000000000000000000000000000000000000000000000005
50000000000500000000000000000000000000000000000000000000000000000000000000000005
50000000000500000000000000000000000000000000000000000000000000000000000000000005
55555555555555555555555555555555555555555555555555555555555555555555555555555555
