55555555555555555555555555555555555555555555555555555555555555555555555555555555
50000000000000000000000000000000000000000000500000000000000000000500000000000005
50000000000000000000000000000000000000000000500000000000000000000500000000000005
50000000000000000000000000000000000000000000500000000000000000000500000000000005
55555555555000000000000000000000000005555555555555555000000000000555555500000005
50000500005000000000000000000000000000000000500000000000000000000500000500000005
50000500005000000000000000000000000000000000500000000000000000000500000500000005
50000500005000000000000000000000000000000000500000000000000000000500000500000005
50000000005000000000000000000000000000000000000000000000000000000500000500000005
50000000005000000000000000000000000000000000000000000000000000000500000500000005
50000000005000000000000000000000000000000000000000000000000000000000000000000005
50000055555000000000000000000000000000000000000000000000000000000000000000000005
50000000000000000000000000000000000000000000000000000000000000000000000000000005
50000000000000000000000000000000000000000000000000000000000000000000000000000005
50000000000000000000000000000000000000000000000000000000000000000000000000000005
50000000000000000000000000000000000000000000000000000000000000000000000000000005
50000000000000000000000000000000000000000000000000000000000000000555555555555555
50000000000000000000055555555000000000000000000000000000000000000000000000000005
50000000000000000000000000005000000000000000000000000000000000000000000000000005
50000000000000000000000000005000000000000000000000000000000000000000000000000005
50000000000000000000000000005555555555000000000000000000000000000000000000000005
50000000000000000000000000005000000000000000000000000000000000000000000000000005
50000000000000000000000000005000000000000000000000000000000000000000000000000005
50000000000000000000055555555000000000000000000000000000000000000000000000000005
50000000000000000000000000000000000000000000000000000000000000000000000000000005
50000000000000000000000000000000000000000000000000000000000000000000000000000005
50000000000000000000000000000000000000000000000000000000055555555500000000000005
50000000000000000000000000000000000000000000000000000000000000000500000000000005
50000000000000000000000000000000000000000000000000000000000000000500000000000005
50000000000000000000000000000000000000000000000000000000000000000500000000000005
50000000000000000000000000000000000000000000000000000000000000000555555555555555
50000000000000000000000000000000000000000000000000000000000000000500000000000005
50000000000000000000000000000000000000000000000000000000000000000500000000000005
50000000000000000000000000000000000000000000000000000000055555555500000000000005
50000000000000000000000000000000000000000000000000000000000000000000000000000005
50000000000000000000000000000000000000000000000000000000000000000000000000000005
50000000000000000000000000000000000000000000000000000000000000000000000000000005
50000000000000000000000000000000500000000000000000000000000000000000000000000005
50000000000000000000000000000000500000000000000000000000000000000000000000000005
50000000000000000000000000000000500000000000000000000000000000000000000000000005
50000000000000000000000000000000500000000000000000000000000000000000000000000005
50000000000000000000000000000000500000000000000000000000000000000000000000000005
50000000000000000000000000555555555555550000000000000000000000000000000000000005
50000000000000000000000000000000500000000000000000000000000000000000000000000005
50000000000000000000000000000000500000000000000000000000000000000000000000000005
50000000000000000000000000000000500000000000000000000000000000000000000000000005
50000000000000000000000000000000500000000000000000000000000000000000000000000005
50000000000000000000000000000000500000000000000000000000000000000000000000000005
50000000000000000000000000000000000000000000000000000000000000000000000000000005
50000000000000000000000000000000000000000000000000000000000000000000000000000005
50000000000000000000000000000000000000000000000000000000000000000000000000000005
50000000000000000000000000000000000000000000000000000000000000000000000000000005
50000000000000000000000000000000000000000000000000000000000000005555555555555555
50000000000000000000000000000000000000000000000000000000000000005000000000000005
50000000000000000000000000000000000000000000000000000000000000005000000000000005
50000000000000000000000000000000000000000000000000000000000000005555555000000005
50000000000000000000000000000000000000000000000000000000000000000000000000000005
50000000000000000000000000000000000000000000000000000000000000000000000000000005
50000000000000000000000000000000000000000000000000000000000000000000000000000005
55555555555555555555555555555555555555555555555555555555555555555555555555555555
