55555555555555555555555555555555555555555555555555555555555555555555555555555555
50000000000000000000000000000000000000000000000000000000000000000000000000000005
50000000000000000000000000000000000000000000000000000000000000000000000000000005
50000000000000000000000000000000000000000000000000000000000000000000000000000005
50000000000000000000000000000000000000000000000000000000000000000000000000000005
50000000000000000000000000000000000000000000000000000000055555555555555555555555
50000000000000000000000000000000000000000000000000000000000000000000500000000005
50000000000000000000000000000000000000000000000000000000000000000000500000000005
50000000000000000000000000000000000000000000000000000000000000000000500000000005
50000000000000555555555550000000000000000000000000000000000000000000500000000005
50000000000000000005000000000000000000000000000000000000000000000000500000000005
50000000000000000005000000000000000000000000000000000000000000000000500000000005
50000000000000000005000000000000000000000000000000000000055555555555500000000005
50000000000000000005000000000000000000000000000000000000000000000000000000000005
50000000000000000000000000000000000000000000000000000000000000000000000000000005
50000000000000000000000000000000000000000000000000000000000000000000000000000005
50000000000000000000000000000000000000000000000000000000000000000000000000000005
50000000000000000000000000000000000000000000000000000000000000555555555555555555
50000000000000000000000000000000000000000000000000000000000000000000000500000005
50000000000000000000000000000000000000000000000000000000000000000000000500000005
50000000000000000000000000000000000000000000000000000000000000000000000500000005
50000000000000000000000000000000555555555550000000000000000000000000000500000005
50000000000000000000000000000000000000000050000000000000000000000000000500000005
50000000000000000000000000000000000000000050000000000000000000000000000500000005
50000000000000000000000000000000000000000050000000000000000000000000000000000005
50000000000000000000000000000000000000000050000000000000000000000000000000000005
50000000000000000000000000000000000000000050000000000000000000000000000000000005
50000000000000000000000000000000555555555550000000000000000000000000000000000005
50000000000000000000000000000000000000000050000000000000000000000000000000000005
50000000000000000000000000000000000000000050000000000000000000000000000000000005
50000000050000000000000000000000000000000050000000000000000000000000000000000005
50000000050000000000000000000000000000000050000000000000000000000000000000000005
50000000050000000000000000000000000000000050000000000000000000000000000000000005
50000000050000000000000000000000000000000000000000000000000000000000000000000005
50000000050000000000000000000000000000000000000000000000000000000000000000000005
55555555550000000000000000000000000000000000000000000000000000000000000000000005
50000000000000000000000000000000000000000000000000000000000000000000000000000005
50000000000000000000000000000000000000000000000000000000000000000000000000000005
50000000000000000000000000000000000000000000000000000000005555555555555555555555
50000000000000000000000000000000000000000000000000000000000000000000500000000005
50000000000000000000000000000000000000000000000000000000000000000000500000000005
50000005000000000000000000000000000000000000000000000000000000000000500000000005
50000005000000000000000000000000000000000000000000000000000000000000500000000005
50000005000000000000000000000000000000000000000000000000000000000000555500000005
50000005000000000000000000000000000000000000000000000000000000000000500000000005
55555555555550000000000000000000000000000000000000000000000000000000500000000005
50000000000000000000000000000000000000000000500000000000000000000000500000000005
50000000000000000000000000000000000000000000500000000000000000000000000000000005
50000000000000000000000000000000000000000000500000000000000000000000000000000005
50000000000000000000000000000000555555555555500000000050000000000000000000000005
50000000000000000000000000000000500000000000500000000050000000000000000000000005
50000000000000000000000000000000500000000000500000000050000000000000000000000005
50000000000000000000000000000000500000000000500000000050000000000000000000000005
50000000000000000000000000000000500000000000500000000050000000000000000000000005
50000000000000000000000005555555500000000000555555555555555500000000000000000005
50000000000000000000000000000000000000000000500000000000000000000000000000000005
50000000000000000000000000000000000000000000500000000000000000000000000000000005
50000000000000000000000000000000000000000000500000000000000000000000000000000005
50000000000000000000000000000000000000000000500000000000000000000000000000000005
55555555555555555555555555555555555555555555555555555555555555555555555555555555
